030322 76.4
150322 76.0
260322 76.5
010422 76.4
140422 76.8
190422 76.5
200422 77.0
210422 76.7
220422 76.7
260422 76.3
280422 77.1
290422 76.5
300422 76.8
020522 76.9
030522 76.7
040522 76.2
050522 76.2
060522 76.7
070522 76.7
080522 76.3
090522 76.3
100522 76.9
110522 76.3
120522 76.3
130522 76.7
150522 76.8
190522 76.1
200522 76.7
230522 76.5
240522 76.5
250522 76.2
270522 76.5
290522 76.6
300522 77.4
310522 77.1
020622 76.3
030622 75.4
040622 76.6
070622 76.1
080622 76.3
090622 76.3
100622 76.3
120622 76.3
130622 76.0
140622 76.3
170622 76.5
200622 76.9
230622 76.6
260622 76.4
050722 76.0
060722 75.7
070722 75.1
130722 76.1
140722 75.1
230722 75.0
240722 75.9
250722 75.4
260722 75.0
270722 75.7
010822 76.2
020822 75.8
030822 75.4
040822 75.4
070822 75.7
080822 75.5
120822 74.7
160822 75.2
170822 74.8
180822 74.9
190822 74.9
200822 75.3
210822 75.4
220822 74.6
230822 75.1
240822 75.1
250822 75.1
260822 75.1
280822 74.9
310822 74.8
020922 74.7
050922 75.5
060922 75.5
070922 75.5
080922 75.4
090922 75.0
100922 75.5
110922 75.2
120922 75.2
130922 74.7
140922 74.7
150922 75.3
200922 74.5
210922 74.8
220922 74.1
230922 74.1
240922 74.5
250922 74.3
290922 73.9
111022 74.8
121022 74.1
171022 74.4
201022 73.8
211022 73.9
241022 74.6
251022 74.4
261022 74.4
271022 74.5
291022 74.9
301022 74.2
011122 74.0
021122 74.8
031122 75.4
081122 74.6
111122 73.9
131122 74.6
151122 74.6
241122 74.6
051222 74.5
271222 73.5
301222 73.9
311222 74.5
010123 74.2
020123 74.6
040123 74.2
060123 74.8
070123 75.0
090123 73.9
110123 74.1
120123 74.4
170123 74.1
240123 74.6
250123 74.8